28.000 142.000 262.000 315.000 173.000 68.000 11.000 1.000 0.000, 
28.000 142.000 262.000 315.000 173.000 68.000 11.000 1.000 0.000, 
28.000 142.000 262.000 315.000 173.000 68.000 11.000 1.000 0.000, 
28.000 142.000 262.000 315.000 173.000 68.000 11.000 1.000 0.000, 
28.000 142.000 262.000 315.000 173.000 68.000 11.000 1.000 0.000, 
28.000 142.000 262.000 315.000 173.000 68.000 11.000 1.000 0.000, 
0.000, 
0.000, 
0.000, 
0.000, 
0.000, 
0.000, 
0.000, 
0.000, 
0.000, 
0.000, 
0.000, 
0.000, 
0.000, 
0.000, 
0.000, 
0.000, 
0.000, 
0.000, 
0.000, 
0.000, 
0.000, 
0.000, 
0.000, 
0.000, 
0.000, 
0.000, 
0.000, 
0.000, 
0.000, 
0.000, 
0.000, 
0.000, 
0.000, 
0.000, 
0.000, 
0.000, 
0.000, 
0.000, 
0.000, 
0.000, 
0.000, 
0.000, 
0.000, 
0.000, 
0.000, 
0.000, 
0.000, 
0.000, 
0.000, 
0.000, 
0.000, 
0.000, 
0.000, 
0.000, 
0.000, 
0.000, 
0.000, 
0.000, 
0.000, 
0.000, 
0.000, 
0.000, 
0.000, 
0.000, 
0.000, 
0.000, 
0.000, 
0.000, 
0.000, 
0.000, 
0.000, 
0.000, 
0.000, 
0.000, 
0.000, 
0.000, 
0.000, 
0.000, 
0.000, 
0.000, 
0.000, 
0.000, 
0.000, 
0.000, 
0.000, 
0.000, 
0.000, 
0.000, 
0.000, 
0.000, 
0.000, 
0.000, 
0.000, 
0.000, 
0.000, 
0.000, 
0.000, 
0.000, 
0.000, 
0.000, 
0.000, 
0.000, 
0.000, 
0.000, 
0.000, 
0.000, 
0.000, 
0.000, 
0.000, 
0.000, 
0.000, 
0.000, 
0.000, 
0.000, 
0.000, 
0.000, 
0.000, 
0.000, 
0.000, 
0.000, 
0.000, 
0.000, 
0.000, 
0.000, 
0.000, 
0.000, 
0.000, 
0.000, 
0.000, 
0.000, 
0.000, 
0.000, 
0.000, 
0.000, 
0.000, 
0.000, 
0.000, 
0.000, 
0.000, 
0.000, 
