97.000, 
530159725056.000, 
9.700000000000000000e+01, 
5.301597250560000000e+11, 
9.778000000000000114e+01, 
5.301597250560000000e+11, 
97.780, 
530159725056.000, 
97.78, 
530159725056, 
97.78, 
530159725056, 
97.78, 
530159725056, 
97.78, 
530159725056, 
97.78, 
530159725056, 
97.78, 
530159725056, 
97.78, 
530159725056, 
97.78, 
530159725056, 
97.78, 
530159725056, 
97.78, 
530159725056, 
94.49, 
4043200000, 
96.87, 
4043200000, 
----------
all
89.79, 
48691200000, 
---------------------
1 section 8 bits
97.54, 
910807296, 
76.79, 
228077312, 
16.25, 
55266928, 
96.87, 
462187808, 
