101080.000, 
56000.000, 
20160.000, 
17920.000, 
101080.000, 
56000.000, 
20160.000, 
17920.000, 
101080.000, 
56000.000, 
20160.000, 
17920.000, 
101080.000, 
56000.000, 
20160.000, 
17920.000, 
101080.000, 
56000.000, 
20160.000, 
17920.000, 
101080.000, 
56000.000, 
20160.000, 
17920.000, 
101080.000, 
56000.000, 
20160.000, 
17920.000, 
101080.000, 
56000.000, 
20160.000, 
17920.000, 
101080.000, 
56000.000, 
20160.000, 
17920.000, 
101080.000, 
56000.000, 
20160.000, 
17920.000, 
1617280.000, 
1617280.000, 
1617280.000, 
1617280.000, 
1617280.000, 
1617280.000, 
1617280.000, 
1617280.000, 
1617280.000, 
1617280.000, 
1617280.000, 
1617280.000, 
896000.000, 
896000.000, 
924160.000, 
924160.000, 
924160.000, 
924160.000, 
924160.000, 
924160.000, 
924160.000, 
924160.000, 
924160.000, 
924160.000, 
924160.000, 
924160.000, 
512000.000, 
512000.000, 
512000.000, 
512000.000, 
512000.000, 
512000.000, 
512000.000, 
512000.000, 
512000.000, 
