7340032.000, 
7340032.000, 
7340032.000, 
7340032.000, 
7340032.000, 
7340032.000, 
7340032.000, 
7340032.000, 
7340032.000, 
7340032.000, 
7340032.000, 
7340032.000, 
7340032.000, 
7340032.000, 
7340032.000, 
7340032.000, 
7340032.000, 
7340032.000, 
7340032.000, 
7340032.000, 
7340032.000, 
7340032.000, 
7340032.000, 
7340032.000, 
7340032.000, 
7340032.000, 
7340032.000, 
7340032.000, 
7340032.000, 
7340032.000, 
7340032.000, 
7340032.000, 
7340032.000, 
7340032.000, 
7340032.000, 
7340032.000, 
7340032.000, 
7340032.000, 
7340032.000, 
7340032.000, 
7340032.000, 
7340032.000, 
7340032.000, 
7340032.000, 
7340032.000, 
7340032.000, 
7340032.000, 
7340032.000, 
7340032.000, 
7340032.000, 
7340032.000, 
7340032.000, 
7340032.000, 
7340032.000, 
7340032.000, 
7340032.000, 
7340032.000, 
7340032.000, 
7340032.000, 
7340032.000, 
7340032.000, 
7340032.000, 
7340032.000, 
7340032.000, 
7340032.000, 
7340032.000, 
7340032.000, 
7340032.000, 
7340032.000, 
7340032.000, 
7340032.000, 
7340032.000, 
7340032.000, 
7340032.000, 
7340032.000, 
7340032.000, 
7340032.000, 
7340032.000, 
7340032.000, 
7340032.000, 
7340032.000, 
7340032.000, 
7340032.000, 
7340032.000, 
7340032.000, 
7340032.000, 
7340032.000, 
7340032.000, 
7340032.000, 
7340032.000, 
7340032.000, 
7340032.000, 
7340032.000, 
7340032.000, 
7340032.000, 
7340032.000, 
7340032.000, 
7340032.000, 
7340032.000, 
7340032.000, 
7340032.000, 
7340032.000, 
1835008.000, 
1835008.000, 
1835008.000, 
1835008.000, 
1835008.000, 
1835008.000, 
1835008.000, 
1835008.000, 
1835008.000, 
